a record looks like this: ["real\//aayrffkzxn-002-00.png",0.7517728806]


1. first mapper: extracted real/fake, video name.  Stored as tuple in key.
the prediction and 1 are put in a tuple, then in a list as the value
first reducer: combined all the frames from the same video, and append tuple lists tgth
((1, 'dvwpvqdflx'), [(0.999941349, 1), (0.9999412298, 1), (0.7245535851, 1), (0.9996663332, 1), (0.9998643398, 1), (0.9996622801, 1), (0.9995189905, 1), (0.9999636412, 1), (0.9993650317, 1), (0.9993002415, 1), (0.9999755621, 1), (0.9994066954, 1)])
((0, 'akpfvadijp'), [(0.0044848961, 1), (0.0018492074, 1), (0.008302588, 1), (0.5594446659, 1), (0.0009382599, 1), (0.0007991985, 1), (0.0042680036, 1), (0.0153651396, 1), (0.01332343, 1), (0.0204737838, 1), (0.0003324198, 1), (0.0003003356, 1)])
((1, 'dmupfdcvca'), [(0.9996277094, 1), (0.9985278845, 1), (0.9995798469, 1), (0.9965388775, 1), (0.9987630844, 1), (0.9976917505, 1), (0.9978309274, 1), (0.998744607, 1), (0.99990201, 1), (0.9989358783, 1), (0.9994969368, 1)])
((0, 'alrtntfxtd'), [(0.1314174235, 1), (0.1727885753, 1), (0.6231438518, 1), (0.0945641622, 1), (0.0187564585, 1), (0.1961663365, 1), (0.0093202395, 1), (0.1308598816, 1), (0.3410598338, 1), (0.1273044944, 1), (0.0062168278, 1)])
((1, 'djjgzhluss'), [(0.9444848299, 1), (0.9003801942, 1), (0.4622223973, 1), (0.9830187559, 1), (0.8839509487, 1), (0.9975612164, 1), (0.9852773547, 1), (0.9491608739, 1), (0.3514678776, 1), (0.9976035953, 1), (0.9332279563, 1)])
((0, 'alqiqhnrza'), [(0.1447749734, 1), (0.0336597115, 1), (0.0152202714, 1), (0.0458974503, 1), (0.0455261394, 1), (0.0121700671, 1), (0.0185109582, 1), (0.1491761655, 1), (0.000414124, 1), (0.0349620841, 1), (0.0154746277, 1)])
((1, 'dvtpwatuja'), [(0.9921889305, 1), (0.9921203852, 1), (0.9806804061, 1), (0.9408913255, 1), (0.9676855803, 1), (0.9590339661, 1), (0.986833632, 1), (0.7680487037, 1), (0.9862039089, 1), (0.9917277098, 1), (0.9869836569, 1)])
((0, 'akfjqoantp'), [(0.7982116938, 1), (0.1344417334, 1), (0.9323010445, 1), (0.0008908919, 1), (0.5715305209, 1), (0.0165151991, 1), (0.9849619865, 1), (0.0742301717, 1), (0.2502901256, 1), (0.0081792828, 1), (0.2463117838, 1)])
((0, 'alkomvbvah'), [(0.7854510546, 1), (0.0005477711, 1), (0.0690129548, 1), (0.7300277948, 1), (0.0011079088, 1), (0.0058336798, 1), (0.0172968768, 1), (0.01160267, 1), (0.1848055571, 1), (0.5667339563, 1), (0.3668028414, 1)])
((0, 'ajqmtwoocc'), [(0.0252601225, 1), (0.9224436283, 1), (0.8683761358, 1), (0.7223432064, 1), (0.9707202315, 1), (0.9101911187, 1), (0.5733212829, 1), (0.0037316387, 1), (0.3014458716, 1), (0.8931252956, 1), (0.9136223197, 1)])
((1, 'fmhiujydwo'), [(0.9960018992, 1), (0.9992188215, 1), (0.9762682319, 1), (0.9978965521, 1), (0.9998775721, 1), (0.9937455654, 1), (0.9954386353, 1)])
((1, 'eynxajczkd'), [(0.9994338155, 1), (0.9986609221, 1), (0.9762620926, 1), (0.9922360778, 1), (0.9975376129, 1), (0.999556005, 1), (0.9998027682, 1), (0.9995001554, 1), (0.995274663, 1), (0.9988737702, 1), (0.9894221425, 1)])
((1, 'ekelfsnqof'), [(0.9998237491, 1), (0.9998503923, 1), (0.9998688698, 1), (0.9999644756, 1), (0.9998366833, 1), (0.999265492, 1), (0.9998582602, 1), (0.999755919, 1), (0.9999012947, 1), (0.9999564886, 1), (0.999909997, 1)])
((0, 'ajmuljcfkb'), [(0.8749210238, 1), (0.1713250875, 1), (0.4451717436, 1), (0.2653117776, 1), (0.2627370656, 1), (0.6404368877, 1), (0.4245526195, 1), (0.074328132, 1), (0.7558145523, 1), (0.3102923334, 1), (0.1882463247, 1)])
((0, 'aheocfkxjx'), [(0.9675949812, 1), (0.9405962825, 1), (0.9758617282, 1), (0.8981330991, 1), (0.9907258153, 1), (0.9635762572, 1), (0.9207006693, 1), (0.9395332932, 1)])
((1, 'cxsvvnxpyz'), [(0.9968421459, 1), (0.9986987114, 1), (0.9979556799, 1), (0.9996346235, 1), (0.999712646, 1), (0.9995465875, 1), (0.9733492732, 1), (0.9878152609, 1), (0.9991342425, 1), (0.9982267022, 1)])
((0, 'alxffdisev'), [(0.4750162363, 1), (0.6090164185, 1), (0.0312486142, 1), (0.0075267856, 1), (0.0142629361, 1), (0.0080751311, 1), (0.9247473478, 1), (0.1164636835, 1)])
((1, 'dzrrklwrgn'), [(0.9943874478, 1), (0.9960189462, 1), (0.9954667091, 1), (0.938469708, 1), (0.9924505353, 1), (0.9684924483, 1), (0.9925509691, 1), (0.9919725657, 1), (0.9906875491, 1), (0.9983856678, 1), (0.9987180233, 1)])
((1, 'extbidooov'), [(0.980203867, 1), (0.9996403456, 1), (0.9987748265, 1), (0.9972061515, 1), (0.9996840954, 1), (0.9909546971, 1), (0.9989651442, 1), (0.9894487858, 1), (0.9966225624, 1), (0.9984781146, 1)])
((0, 'alfidaevix'), [(0.5043232441, 1), (0.6586810946, 1), (0.3925204575, 1), (0.5163470507, 1), (0.5185229778, 1), (0.6561114788, 1), (0.234021306, 1), (0.5337815285, 1), (0.46244964, 1), (0.5749861002, 1), (0.581011951, 1)])
((0, 'aijlttdlrj'), [(0.2854292989, 1), (0.0023534759, 1), (0.0023833821, 1), (0.0409185812, 1), (0.0299708992, 1), (0.1983853579, 1), (0.1889901906, 1), (0.5033879876, 1), (0.0275587142, 1), (0.0035980754, 1), (0.0051136948, 1)])
((1, 'eyguqfmgzh'), [(0.9999966621, 1), (0.9999911785, 1), (0.9999883175, 1), (0.9999797344, 1), (0.9999986887, 1), (0.9998766184, 1), (0.9999419451, 1), (0.999994874, 1), (0.9999850988, 1), (0.9999828339, 1), (0.9999910593, 1)])

2a. first variation: overall accuracy over both fake and real preds
second mapper: sums corresponding eles in the tuples to form a summed pred and total photos for this vid
divides the two to form actualPred, then compares with isReal to from isCorrect 0 or 1
second mapper: return (42, [(isCorrect, 1)])
second reducer: combines the lists in the values again
(42, [(1, 1), (1, 1), (1, 1), (1, 1), (1, 1), (1, 1), (1, 1), (1, 1), (1, 1), (0, 1), (1, 1), (1, 1), (1, 1), (1, 1), (0, 1), (1, 1), (1, 1), (1, 1), (1, 1), (0, 1), (1, 1), (1, 1)])

2b. second variation: accuracy for fake and real preds separately
(0, [(1, 1), (1, 1), (1, 1), (1, 1), (1, 1), (0, 1), (1, 1), (0, 1), (1, 1), (0, 1), (1, 1)])
(1, [(1, 1), (1, 1), (1, 1), (1, 1), (1, 1), (1, 1), (1, 1), (1, 1), (1, 1), (1, 1), (1, 1)])

2c. third variation: returning averaged prediction for real/fake vids
second mapper: sums corresponding eles in the tuples to form a summed pred and total photos for this vid
divides the two to get actualPred for this video.  returns return (isReal, [(actualPred, 1)])
same reducer
(0, [(0.05249016068333332, 1), (0.16832709862727271, 1), (0.04688968841818182, 1), (0.36526040309090907, 1), (0.2490202786818182, 1), (0.6458709865181819, 1), (0.4011943225181818, 1), (0.94959026575, 1), (0.27329464413750004, 1), (0.5120688026545455, 1), (0.1170990598, 1)])
(1, [(0.9767632732833333, 1), (0.9986945011545454, 1), (0.8534869091090909, 1), (0.9593089277272725, 1), (0.9940638967857142, 1), (0.9951418204727273, 1), (0.9998174201454546, 1), (0.9950915872999999, 1), (0.9870545972454546, 1), (0.9949978590099999, 1), (0.999975182790909, 1)])


2d. fourth variation: confusion matrix
mapper: return ((isReal, pred), [(actualPred, 1)])
reducer will reduce by combos of correctly real/fake or false pos/neg also calculate average pred for each
((0, 1), [(0.6458709865181819, 1), (0.94959026575, 1), (0.5120688026545455, 1)])
((0, 0), [(0.05249016068333332, 1), (0.16832709862727271, 1), (0.04688968841818182, 1), (0.36526040309090907, 1), (0.2490202786818182, 1), (0.4011943225181818, 1), (0.27329464413750004, 1), (0.1170990598, 1)])
((1, 1), [(0.9767632732833333, 1), (0.9986945011545454, 1), (0.8534869091090909, 1), (0.9593089277272725, 1), (0.9940638967857142, 1), (0.9951418204727273, 1), (0.9998174201454546, 1), (0.9950915872999999, 1), (0.9870545972454546, 1), (0.9949978590099999, 1), (0.999975182790909, 1)])

3a. Accuracy, overall: (42, totalCorrect), (total, accuracy)
((42, 19), (22, 0.8636363636363636))

3b. Accuracy, separated into real and fake: (isReal, totalCorrect), (total, accuracy)
((0, 8), (11, 0.7272727272727273))
((1, 11), (11, 1.0))

3c. OverallPred, separated into real and fake: (isReal, (total of real or fake vids, overallPred))
(0, (11, 0.3437368828072659))
(1, (11, 0.9776723613658639))

3d. confusion matrix res: return ((isReal, pred), (total, overallPred))
((0, 1), (3, 0.7025100183075758))
((0, 0), (8, 0.2091969569946496))
((1, 1), (11, 0.9776723613658639))
