a record looks like this: ["real\//aayrffkzxn-002-00.png",0.7517728806]


1. first mapper: extracted real/fake, video name.  Stored as tuple in key.
the prediction and 1 are put in a tuple, then in a list as the value
first reducer: combined all the frames from the same video, and append tuple lists tgth
((1, 'fdpisghkmd'), [(0.2477766722, 1), (0.4319359958, 1), (0.749522388, 1), (0.3755533099, 1), (0.4849636257, 1), (0.4984356463, 1), (0.5352683663, 1), (0.7525424361, 1), (0.4775463641, 1), (0.5093234777, 1), (0.4500858486, 1)])
((1, 'dvwpvqdflx'), [(0.992200911, 1), (0.9895473719, 1), (0.4410853088, 1), (0.9863972068, 1), (0.9879161119, 1), (0.9824697971, 1), (0.9873753786, 1), (0.9906100631, 1), (0.9176105857, 1), (0.9888279438, 1), (0.9929370284, 1), (0.9907876849, 1)])
((1, 'eiwtggvtfp'), [(0.9990274906, 1), (0.9998983145, 1), (0.9999829531, 1), (0.9963979721, 1), (0.8382611871, 1), (0.9937248826, 1), (0.9973663688, 1), (0.9942983985, 1), (0.9855814576, 1), (0.9995843768, 1), (0.6048600674, 1)])
((0, 'ajeegjgyzk'), [(0.7975446582, 1), (0.528940618, 1), (0.81363976, 1), (0.1373625547, 1), (0.388238579, 1), (0.249958992, 1), (0.0419096313, 1), (0.7181770205, 1), (0.3101468384, 1), (0.6284002066, 1), (0.1546359509, 1)])
((1, 'exxqlfpnbz'), [(0.9994495511, 1), (0.9999706745, 1), (0.9999793768, 1), (0.9916661382, 1), (0.9991921782, 1), (0.9996236563, 1), (0.9953963161, 1), (0.834046185, 1), (0.9997656941, 1), (0.988745153, 1), (0.998960495, 1)])
((0, 'akpfvadijp'), [(6.09827e-05, 1), (5.3379e-06, 1), (3.1843e-06, 1), (0.4669141769, 1), (4.249e-06, 1), (2.2906e-06, 1), (4.1264e-06, 1), (1.9309e-06, 1), (1.5836e-06, 1), (3.7775e-06, 1), (1.4614e-06, 1), (0.0001257385, 1)])
((1, 'dmupfdcvca'), [(0.9890621305, 1), (0.9726257324, 1), (0.995800674, 1), (0.9030935764, 1), (0.9579741359, 1), (0.980610013, 1), (0.9914107323, 1), (0.9680275321, 1), (0.9947358966, 1)])
((0, 'alrtntfxtd'), [(0.1646066606, 1), (0.0531864986, 1), (0.0219710357, 1), (0.0878487527, 1), (0.0402602591, 1), (0.0517818183, 1), (0.0063654464, 1), (0.4378574491, 1), (0.1252895594, 1), (0.0219066199, 1), (0.0188775416, 1)])
((0, 'alqiqhnrza'), [(5.52173e-05, 1), (9.15e-07, 1), (5.05157e-05, 1), (0.0002677446, 1), (3.8271e-06, 1), (5.2652e-06, 1), (0.0008092634, 1), (1.6189e-05, 1), (3.7747e-06, 1), (3.80736e-05, 1), (9.5127e-05, 1)])
((1, 'dvtpwatuja'), [(0.9955614805, 1), (0.9982112646, 1), (0.9917226434, 1), (0.9687824845, 1), (0.9079692364, 1), (0.5231218934, 1), (0.9833623767, 1), (0.9760838151, 1), (0.9864869118, 1), (0.9932242632, 1), (0.9718205333, 1)])
((1, 'dpevefkefv'), [(0.9918340445, 1), (0.9878537655, 1), (0.9318984747, 1), (0.9777416587, 1), (0.992551446, 1), (0.978120625, 1), (0.8908176422, 1), (0.7199978828, 1), (0.8129159212, 1), (0.9876909256, 1), (0.996958971, 1)])
((0, 'akfjqoantp'), [(0.1753739566, 1), (0.2583490014, 1), (0.3064885437, 1), (0.0001299095, 1), (0.0566256754, 1), (0.003932328, 1), (0.452124089, 1), (0.0384290665, 1), (0.0006261241, 1), (0.0106094042, 1), (0.0991704911, 1)])
((0, 'akpuczgfpk'), [(0.2008096576, 1), (0.0131587982, 1), (0.0251895934, 1), (0.0013953234, 1), (0.0069983252, 1), (0.0008627364, 1), (0.0018510786, 1), (0.5936357975, 1), (0.1905463338, 1), (0.2821081281, 1), (0.1081647128, 1)])
((0, 'alkomvbvah'), [(0.3248830736, 1), (1.918e-05, 1), (0.0455520116, 1), (0.1620824635, 1), (0.0002877402, 1), (0.0033332063, 1), (0.0008892158, 1), (0.0045014261, 1), (0.0076607256, 1), (0.4638040066, 1), (0.5771369338, 1)])
((0, 'ajqmtwoocc'), [(0.0111604091, 1), (0.2731533647, 1), (0.1628504246, 1), (0.0590754226, 1), (0.3791226149, 1), (0.3823531568, 1), (0.2739067972, 1), (0.0889013708, 1), (0.0009479355, 1), (0.0606096052, 1), (0.3867227137, 1)])
((1, 'fmhiujydwo'), [(0.9912117124, 1), (0.9983773232, 1), (0.9507061243, 1), (0.9080705047, 1), (0.9915340543, 1), (0.9270024896, 1), (0.9550993443, 1), (0.9893717766, 1), (0.9394975305, 1), (0.9831991792, 1), (0.9917567968, 1)])
((1, 'eynxajczkd'), [(0.9988081455, 1), (0.9950390458, 1), (0.9924082756, 1), (0.9933498502, 1), (0.9936006665, 1), (0.9969016314, 1), (0.996891439, 1), (0.9945822358, 1), (0.9961909056, 1), (0.9974065423, 1), (0.9970777035, 1)])
((0, 'ahhdprhoww'), [(0.0009177116, 1), (0.0040687406, 1), (0.0011015004, 1), (0.0177023541, 1), (0.0142430319, 1), (0.0136749223, 1), (0.0193677414, 1), (0.0190013871, 1), (0.0155681772, 1), (0.0023050769, 1), (0.0053255702, 1)])
((1, 'ekelfsnqof'), [(0.9882847071, 1), (0.9926285744, 1), (0.9818975329, 1), (0.9831129909, 1), (0.9722860456, 1), (0.971016109, 1), (0.9879311323, 1), (0.9834414721, 1), (0.9899184108, 1), (0.9922480583, 1), (0.9930566549, 1)])
((1, 'eppyqpgewp'), [(0.9999771118, 1), (0.4282740057, 1), (0.9879895449, 1), (0.9567294717, 1), (0.1437657177, 1), (0.995878458, 1), (0.9984880686, 1), (0.9889575839, 1), (0.9997463822, 1), (0.9984955788, 1), (0.9996912479, 1)])
((0, 'agplffthuy'), [(0.2960888743, 1), (0.0040917988, 1), (0.0013561279, 1), (0.0014068626, 1), (0.3301225603, 1), (0.2712461352, 1), (0.3024332225, 1), (0.3374542594, 1), (0.3003926873, 1)])
((1, 'dxfdovivlw'), [(0.9930683374, 1), (0.3188655972, 1), (0.9559925199, 1), (0.1788911521, 1), (0.3544077277, 1), (0.9945195317, 1), (0.998855114, 1), (0.6284959912, 1), (0.2153625488, 1), (0.5652521849, 1), (0.0781456009, 1)])
((0, 'ajmuljcfkb'), [(2.18786e-05, 1), (0.0003492166, 1), (0.0226116143, 1), (0.0051305806, 1), (3.34274e-05, 1), (0.0021617643, 1), (0.0283273421, 1), (0.0715766847, 1), (0.0457253344, 1), (0.0013925497, 1), (0.0046290061, 1)])
((1, 'fgobmbcami'), [(0.9718703032, 1), (0.9859733582, 1), (0.9752011299, 1), (0.9939200878, 1), (0.9716334343, 1), (0.9910801053, 1), (0.9801045656, 1), (0.9774061441, 1), (0.9843474627, 1), (0.9933725595, 1), (0.9589628577, 1), (0.9909891486, 1), (0.9975141287, 1), (0.9915351868, 1), (0.9856184125, 1), (0.9782083631, 1), (0.9835554957, 1), (0.9767870307, 1), (0.960306406, 1), (0.9960018992, 1), (0.9959970713, 1), (0.992107451, 1)])
((0, 'aiuimrebtg'), [(0.0656216741, 1), (0.0003715818, 1), (0.0918615088, 1), (0.3953335285, 1), (0.0126083223, 1), (0.0145417619, 1), (0.5086370111, 1), (0.4632770717, 1), (0.293764919, 1), (0.3925795257, 1), (0.4273859262, 1)])
((0, 'alnkzqihau'), [(0.0614627711, 1), (0.0887273476, 1), (0.868866384, 1), (0.6306046247, 1), (0.6977164149, 1), (0.0687230527, 1), (0.0564459823, 1), (0.1126326099, 1), (0.2870503366, 1)])
((0, 'alhqaurncj'), [(0.9020398259, 1), (0.0306934174, 1), (0.5004453063, 1), (0.1234918684, 1), (0.0432120785, 1), (0.1169943064, 1), (0.1209893227, 1), (0.0086152423, 1), (0.0544075593, 1), (0.1146483868, 1), (0.0045389528, 1)])
((0, 'aheocfkxjx'), [(0.775187254, 1), (0.930881083, 1), (0.9153914452, 1), (0.7946836352, 1), (0.5809261799, 1), (0.5293892026, 1), (0.9414606094, 1), (0.8390561342, 1), (0.8474053741, 1), (0.5962284207, 1)])
((0, 'alidfjtwvg'), [(0.0019807459, 1), (0.0089628547, 1), (0.0027488873, 1), (0.0055505671, 1), (0.0059319749, 1), (0.0386319123, 1), (0.001827249, 1), (0.0121307252, 1), (0.0052667549, 1), (0.0037794546, 1), (0.003472995, 1)])
((0, 'aimzesksew'), [(0.0017786319, 1), (0.0246940721, 1), (0.0003035719, 1), (0.0341682322, 1), (0.0699385777, 1), (0.1463979781, 1), (0.0506303385, 1), (0.0067342357, 1), (0.8946254849, 1), (0.1838131398, 1), (0.0129266232, 1)])
((0, 'alpkghdgrv'), [(0.379524529, 1), (0.3203071058, 1), (0.4257970154, 1), (0.4889777601, 1), (0.3176215589, 1), (0.4475198686, 1), (0.3883477449, 1), (0.003328949, 1), (0.000187033, 1), (0.0006260883, 1), (0.0057304236, 1)])
((1, 'dzrrklwrgn'), [(0.9926475286, 1), (0.9959698915, 1), (0.9782469869, 1), (0.9864097238, 1), (0.9556187987, 1), (0.9897671342, 1), (0.9765647054, 1), (0.986689806, 1), (0.9950885177, 1), (0.9910214543, 1), (0.98955369, 1)])
((1, 'exseruhiuk'), [(0.9950795174, 1), (0.9973561764, 1), (0.9999986887, 1), (0.7836019993, 1), (0.9999778271, 1), (0.9999330044, 1), (0.9999842644, 1), (0.9996289015, 1), (0.9999866486, 1), (0.9999787807, 1), (0.9661749005, 1)])
((1, 'extbidooov'), [(0.8977557421, 1), (0.9532394409, 1), (0.9395501614, 1), (0.949598968, 1), (0.9629147649, 1), (0.9783687592, 1), (0.9882821441, 1), (0.9694985151, 1), (0.894045651, 1), (0.9959776998, 1)])
((0, 'alfidaevix'), [(0.3219366372, 1), (0.3573646545, 1), (0.3873253465, 1), (0.3474934697, 1), (0.392198056, 1), (0.4108387828, 1), (0.0003360635, 1), (0.0013285658, 1), (0.3264482319, 1), (0.3387464285, 1), (0.3209271431, 1)])
((0, 'aijlttdlrj'), [(0.0001223888, 1), (2.1387e-06, 1), (2.74354e-05, 1), (5.4632e-06, 1), (1.89818e-05, 1), (0.0148289809, 1), (5.5844e-06, 1), (4.91e-05, 1), (1.36086e-05, 1), (4.6288e-05, 1), (2.05415e-05, 1)])
((1, 'eyguqfmgzh'), [(0.996294558, 1), (0.9989523888, 1), (0.9949625731, 1), (0.9836464524, 1), (0.9854739904, 1), (0.9453049898, 1), (0.971404016, 1), (0.9886280894, 1), (0.9990059733, 1), (0.9918849468, 1), (0.998210907, 1)])
((1, 'fneqiqpqvs'), [(0.3341585398, 1), (0.8389654756, 1), (0.9203397632, 1), (0.9695549607, 1), (0.914927423, 1), (0.9580447078, 1), (0.8637701273, 1), (0.4603498876, 1), (0.9636827707, 1)])
((1, 'doniqevxeg'), [(0.9995034933, 1), (0.9999748468, 1), (0.9982101917, 1), (0.9990579486, 1), (0.9959715009, 1), (0.9968216419, 1), (0.9997813106, 1), (0.9985276461, 1), (0.9990903139, 1), (0.9990972281, 1), (0.9957126379, 1)])

2a. first variation: overall accuracy over both fake and real preds
second mapper: sums corresponding eles in the tuples to form a summed pred and total photos for this vid
divides the two to form actualPred, then compares with isReal to from isCorrect 0 or 1
second mapper: return (42, [(isCorrect, 1)])
second reducer: combines the lists in the values again
(42, [(1, 1), (1, 1), (1, 1), (1, 1), (1, 1), (1, 1), (1, 1), (1, 1), (1, 1), (1, 1), (1, 1), (1, 1), (1, 1), (1, 1), (1, 1), (1, 1), (1, 1), (1, 1), (1, 1), (1, 1), (1, 1), (1, 1), (1, 1), (1, 1), (1, 1), (1, 1), (1, 1), (0, 1), (1, 1), (1, 1), (1, 1), (1, 1), (1, 1), (1, 1), (1, 1), (1, 1), (1, 1), (1, 1), (1, 1)])

2b. second variation: accuracy for fake and real preds separately
(0, [(1, 1), (1, 1), (1, 1), (1, 1), (1, 1), (1, 1), (1, 1), (1, 1), (1, 1), (1, 1), (1, 1), (1, 1), (1, 1), (1, 1), (0, 1), (1, 1), (1, 1), (1, 1), (1, 1), (1, 1)])
(1, [(1, 1), (1, 1), (1, 1), (1, 1), (1, 1), (1, 1), (1, 1), (1, 1), (1, 1), (1, 1), (1, 1), (1, 1), (1, 1), (1, 1), (1, 1), (1, 1), (1, 1), (1, 1), (1, 1)])

2c. third variation: returning averaged prediction for real/fake vids
second mapper: sums corresponding eles in the tuples to form a summed pred and total photos for this vid
divides the two to get actualPred for this video.  returns return (isReal, [(actualPred, 1)])
same reducer
(0, [(0.43354134632727276, 1), (0.038927403308333344, 1), (0.0936319674, 1), (0.00012235569090909092, 1), (0.12744168995454544, 1), (0.1295200440909091, 1), (0.14455908937272727, 1), (0.18898216500909087, 1), (0.010297837609090909, 1), (0.20495472536666667, 1), (0.016541763527272726, 1), (0.24236207555454545, 1), (0.3191366137555555, 1), (0.18364329698181822, 1), (0.7750609338300001, 1), (0.008207647354545456, 1), (0.12963735327272727, 1), (0.25254255241818185, 1), (0.2913584890454546, 1), (0.001376410118181818, 1)])
(1, [(0.5011776482454544, 1), (0.9373137826666668, 1), (0.9462712244636364, 1), (0.9824359471181818, 1), (0.9725933803555556, 1), (0.9360315366272727, 1), (0.9334892142909091, 1), (0.9659842578090909, 1), (0.9956596764727274, 1), (0.9850746989363636, 1), (0.8634539246545454, 1), (0.5710778459818182, 1), (0.9832951182681818, 1), (0.9852343851909091, 1), (0.9765182462727272, 1), (0.95292318465, 1), (0.9867062622727274, 1), (0.8026437395222222, 1), (0.9983407963454547, 1)])


2d. fourth variation: confusion matrix
mapper: return ((isReal, pred), [(actualPred, 1)])
reducer will reduce by combos of correctly real/fake or false pos/neg also calculate average pred for each
((0, 1), [(0.7750609338300001, 1)])
((0, 0), [(0.43354134632727276, 1), (0.038927403308333344, 1), (0.0936319674, 1), (0.00012235569090909092, 1), (0.12744168995454544, 1), (0.1295200440909091, 1), (0.14455908937272727, 1), (0.18898216500909087, 1), (0.010297837609090909, 1), (0.20495472536666667, 1), (0.016541763527272726, 1), (0.24236207555454545, 1), (0.3191366137555555, 1), (0.18364329698181822, 1), (0.008207647354545456, 1), (0.12963735327272727, 1), (0.25254255241818185, 1), (0.2913584890454546, 1), (0.001376410118181818, 1)])
((1, 1), [(0.5011776482454544, 1), (0.9373137826666668, 1), (0.9462712244636364, 1), (0.9824359471181818, 1), (0.9725933803555556, 1), (0.9360315366272727, 1), (0.9334892142909091, 1), (0.9659842578090909, 1), (0.9956596764727274, 1), (0.9850746989363636, 1), (0.8634539246545454, 1), (0.5710778459818182, 1), (0.9832951182681818, 1), (0.9852343851909091, 1), (0.9765182462727272, 1), (0.95292318465, 1), (0.9867062622727274, 1), (0.8026437395222222, 1), (0.9983407963454547, 1)])

3a. Accuracy, overall: (42, totalCorrect), (total, accuracy)
((42, 38), (39, 0.9743589743589743))

3b. Accuracy, separated into real and fake: (isReal, totalCorrect), (total, accuracy)
((0, 19), (20, 0.95))
((1, 19), (19, 1.0))

3c. OverallPred, separated into real and fake: (isReal, (total of real or fake vids, overallPred))
(0, (20, 0.1795922879993914))
(1, (19, 0.9092749931654972))

3d. confusion matrix res: return ((isReal, pred), (total, overallPred))
((0, 1), (1, 0.7750609338300001))
((0, 0), (19, 0.14825183295567515))
((1, 1), (19, 0.9092749931654972))

        Videos  Prediction  Correct_Answer
0   fdpisghkmd           1               1
1   dvwpvqdflx           1               1
2   eiwtggvtfp           1               1
3   ajeegjgyzk           0               0
4   exxqlfpnbz           1               1
5   akpfvadijp           0               0
6   dmupfdcvca           1               1
7   alrtntfxtd           0               0
8   alqiqhnrza           0               0
9   dvtpwatuja           1               1
10  dpevefkefv           1               1
11  akfjqoantp           0               0
12  akpuczgfpk           0               0
13  alkomvbvah           0               0
14  ajqmtwoocc           0               0
15  fmhiujydwo           1               1
16  eynxajczkd           1               1
17  ahhdprhoww           0               0
18  ekelfsnqof           1               1
19  eppyqpgewp           1               1
20  agplffthuy           0               0
21  dxfdovivlw           1               1
22  ajmuljcfkb           0               0
23  fgobmbcami           1               1
24  aiuimrebtg           0               0
25  alnkzqihau           0               0
26  alhqaurncj           0               0
27  aheocfkxjx           1               0
28  alidfjtwvg           0               0
29  aimzesksew           0               0
30  alpkghdgrv           0               0
31  dzrrklwrgn           1               1
32  exseruhiuk           1               1
33  extbidooov           1               1
34  alfidaevix           0               0
35  aijlttdlrj           0               0
36  eyguqfmgzh           1               1
37  fneqiqpqvs           1               1
38  doniqevxeg           1               1
