1. first mapper: extracted real/fake, video name.  Stored as tuple in key.
the prediction and 1 are put in a tuple, then in a list as the value
first reducer: combined all the frames from the same video, and append tuple lists tgth
((1, 'fdpisghkmd'), [(0.5961549878, 1)])
((1, 'vokrpfjpeb'), [(0.999999404, 1)])
((0, 'xlmduthjih'), [(3.46366e-05, 1)])
((1, 'qyqufaskjs'), [(0.4440644681, 1)])
((0, 'euavjxseoz'), [(0.3043935895, 1)])
((1, 'hsbwhlolsn'), [(0.9999232292, 1)])
((0, 'etdliwticv'), [(0.0911703929, 1)])
((1, 'eiwtggvtfp'), [(0.9953045845, 1)])
((1, 'pqdeutauqc'), [(0.6595877409, 1), (0.9796084762, 1)])
((0, 'mcllgspbtl'), [(0.000331834, 1)])
((0, 'qweikxnvyq'), [(0.2851936519, 1)])
((0, 'wyqdbqmbjk'), [(0.515828371, 1)])
((1, 'nhsijqpoda'), [(0.8858010769, 1), (0.6290607452, 1)])
((0, 'xfmcdyaipa'), [(0.0237244852, 1)])
((0, 'yihsmubqwx'), [(0.5790625811, 1)])
((1, 'lzbmwwejxb'), [(0.9973301888, 1)])
((1, 'exxqlfpnbz'), [(0.9335723519, 1), (0.9978932738, 1)])
((0, 'lrdnmalbhr'), [(0.6157565117, 1)])
((0, 'wzrhdvpktx'), [(0.1348871887, 1)])
((1, 'lsmnqsnqld'), [(0.9880084991, 1)])
((1, 'onbgbghesu'), [(0.9923912883, 1), (0.9971618652, 1), (0.94605124, 1)])
((1, 'srfefmyjvt'), [(0.6867197156, 1)])
((1, 'xugmhbetrw'), [(0.9997258782, 1)])
((0, 'jaurxwocly'), [(0.7142198086, 1)])
((0, 'wdyzqwntoe'), [(0.3705739081, 1)])
((1, 'vpmyeepbep'), [(0.9454028606, 1)])
((0, 'cqtxrekabh'), [(0.1235364303, 1)])
((0, 'gtfwzfrxml'), [(0.1022996306, 1)])
((0, 'wxhaqrvsif'), [(0.0034751531, 1)])
((0, 'xjidmljhxe'), [(0.0197397657, 1)])
((0, 'ybjbxrpmod'), [(0.4114972949, 1)])
((0, 'hsbrwaeaah'), [(0.6263988614, 1), (0.4024094045, 1)])
((0, 'mynzuyrmdy'), [(0.2390802354, 1)])
((1, 'nweufafotd'), [(0.3915108144, 1)])
((1, 'qarqtkvgby'), [(0.9995996356, 1), (0.6775551438, 1), (0.5349610448, 1)])
((0, 'obttmvmtvi'), [(0.0052211308, 1), (0.0426853374, 1)])
((0, 'wkdnagybtb'), [(0.1152517647, 1)])
((1, 'uprwuohbwx'), [(0.989094913, 1)])
((0, 'iojmxrzvxe'), [(0.5109240413, 1)])
((0, 'jkfoehpdnd'), [(0.0493937694, 1)])
((1, 'ldtgofdaqg'), [(0.8665320277, 1), (0.2759574652, 1)])
((1, 'ljuuovfkgi'), [(0.1156210527, 1)])
((1, 'xchzardbfa'), [(0.9271697402, 1), (0.9837965369, 1)])
((1, 'xmkwsnuzyq'), [(0.9999363422, 1), (0.9985139966, 1)])
((0, 'jmkqtjuuqu'), [(0.387930423, 1)])
((0, 'yptchajnvb'), [(0.0105524808, 1)])
((1, 'jytrvwlewz'), [(0.5700939894, 1)])
((1, 'xkfliqnmwt'), [(0.9701647162, 1), (0.9795446992, 1)])
((0, 'miiocrddnj'), [(0.0021127197, 1)])
((0, 'wgddfhuvoq'), [(0.1216259524, 1)])
((0, 'hqzwudvhih'), [(0.0001054507, 1)])
((0, 'padqtwbzzo'), [(0.5691862702, 1)])
((0, 'ysxtcdphlj'), [(0.7148734927, 1)])
((1, 'vtunvalyji'), [(0.432693392, 1), (0.6774305105, 1), (0.6977568865, 1)])
((0, 'crflaflooj'), [(0.0427189432, 1)])
((0, 'oyqgwjdwaj'), [(0.4044318497, 1)])
((0, 'biatmogsbv'), [(0.0028848145, 1)])
((0, 'mzwfaambxx'), [(0.0595028028, 1)])
((0, 'szulggywzw'), [(0.0353782773, 1)])
((1, 'lnjkpdviqb'), [(0.9999585152, 1), (0.9999606609, 1)])
((0, 'wbdpryfqgy'), [(0.0414014347, 1)])
((1, 'wfzjxzhdkj'), [(0.7989271283, 1), (0.8779269457, 1), (0.7174600363, 1)])
((1, 'xdezcezszc'), [(0.9999252558, 1), (0.9999518394, 1)])
((0, 'lcndemqsox'), [(0.0265434273, 1)])
((1, 'yxvmusxvcz'), [(0.8371828198, 1)])
((0, 'lbxbstcwwl'), [(0.0213111676, 1)])
((0, 'xgzgnpxhng'), [(0.0399393588, 1)])
((1, 'khtwrijuqn'), [(0.9588907957, 1), (0.9546111226, 1)])
((1, 'dxfdovivlw'), [(0.5754238963, 1), (0.631031096, 1), (0.7915430665, 1), (0.9229943156, 1)])
((0, 'hbdvyzpqny'), [(0.9652191997, 1)])
((0, 'vvldcncxda'), [(0.0081901094, 1)])
((0, 'dolynaukae'), [(0.0933193043, 1)])
((0, 'mrovsdlffg'), [(0.2511148155, 1)])
((0, 'umpscxhfsk'), [(0.0109147932, 1)])
((1, 'prmwoaeeng'), [(0.9010062814, 1), (0.9885805249, 1)])
((0, 'qloyrbpobv'), [(0.2262675762, 1)])
((1, 'syxobtuucp'), [(0.3782296777, 1)])
((1, 'lokzwdldxp'), [(0.9996930361, 1), (0.9999821186, 1), (0.9947376847, 1), (0.8515744805, 1)])
((0, 'jqypqwufdv'), [(0.3184905648, 1)])
((1, 'fgobmbcami'), [(0.9291752577, 1), (0.9171346426, 1)])
((0, 'txmnoyiyte'), [(0.8845998049, 1)])
((1, 'gcdtglsoqj'), [(0.9954072237, 1), (0.9984045625, 1), (0.9958743453, 1)])
((1, 'uqtqhiqymz'), [(0.8948164582, 1)])
((0, 'fuzdxjsqvp'), [(0.3316035271, 1)])
((0, 'ofquuujxmu'), [(0.0515346788, 1)])
((0, 'phunswkrpy'), [(0.0626411438, 1)])
((0, 'yhqltdyvcy'), [(0.5708395839, 1)])
((0, 'cvdrzlkwdf'), [(0.1451519728, 1)])
((0, 'doiljuhamq'), [(0.0182173047, 1)])
((1, 'sylnrepacf'), [(0.9547789097, 1), (0.348960489, 1)])
((1, 'lnhkjhyhvw'), [(0.9206587672, 1)])
((1, 'fnslimfagb'), [(0.8458522558, 1), (0.9998836517, 1)])
((1, 'xjzkfqddyk'), [(0.9802692533, 1), (0.9998466969, 1)])
((0, 'xkmpyvtdch'), [(0.1304732561, 1)])
((0, 'zrxngesosr'), [(0.3952510059, 1)])
((0, 'ufaigyxttb'), [(0.0126113435, 1)])
((0, 'yajhwipypq'), [(0.9794172645, 1)])
((0, 'pdouadxxba'), [(0.4398108423, 1)])
((0, 'scxgpnknil'), [(0.0193749424, 1)])
((1, 'heiyoojifp'), [(0.9987967014, 1)])
((0, 'hdgfgvcoqk'), [(0.0336767845, 1)])
((1, 'nrnklcxdzq'), [(0.9547765851, 1)])
((0, 'mqukycwlwj'), [(0.0121564772, 1)])
((0, 'pbvgwcwzkg'), [(4.32641e-05, 1)])
((0, 'cqbhgsmffd'), [(0.0001023833, 1)])
((1, 'fzvpbrzssi'), [(0.2451297939, 1)])
((1, 'upmgtackuf'), [(0.9999443293, 1), (0.9999753237, 1)])
((0, 'qjwomijmcb'), [(0.183081314, 1)])
((0, 'qlueobbhbc'), [(0.3213886023, 1)])
((0, 'yfnvwhnofw'), [(0.0020806806, 1)])
((0, 'nhsqkozagd'), [(0.4066197276, 1), (0.3825379014, 1)])
((1, 'xcruhaccxc'), [(0.9407125115, 1), (0.9896328449, 1)])
((0, 'dsgswagtvp'), [(0.3219031692, 1)])
((0, 'oqnpzvjsac'), [(0.0017197061, 1)])
((1, 'ddtbarpcgo'), [(0.6699806452, 1)])
((1, 'jawgcggquk'), [(0.7859011889, 1), (0.4893348813, 1)])
((1, 'wclvkepakb'), [(0.3436067104, 1)])
((1, 'ybbrkacebd'), [(0.9956829548, 1), (0.8544985652, 1)])
((1, 'yexeazbqig'), [(0.4873591065, 1)])
((0, 'duczhwighk'), [(0.0006724723, 1)])
((1, 'aayrffkzxn'), [(0.7517728806, 1)])
((0, 'dsvopuhqiz'), [(0.3155382276, 1)])
((0, 'khfyqlxazq'), [(0.0225331169, 1)])
((0, 'zcnslhnnhl'), [(0.7108663917, 1)])
((0, 'drjwafunon'), [(0.6265101433, 1)])
((0, 'msfssnmldu'), [(0.613186717, 1)])
((0, 'tszsvitufh'), [(0.0041355798, 1)])
((0, 'yeeceldqpx'), [(0.2367800623, 1)])
((0, 'yhbpxjcglo'), [(0.1588136405, 1)])
((0, 'zbpwazdhtz'), [(0.1910148859, 1)])
((1, 'exseruhiuk'), [(0.9602868557, 1), (0.9768528938, 1), (0.8511223197, 1)])
((1, 'kqlvggiqee'), [(0.9225750566, 1)])
((0, 'udxqbhgvvx'), [(0.1245772615, 1)])
((1, 'jvtjxreizj'), [(0.7470217347, 1)])
((0, 'maxybxfgts'), [(0.0063951681, 1)])
((1, 'fsaronfupy'), [(0.4881786406, 1)])
((1, 'ucthmsajay'), [(0.9643390775, 1)])
((0, 'chzqptmqxv'), [(0.4638257623, 1)])
((0, 'escwylyxap'), [(0.0003699138, 1)])
((0, 'idsupeszcp'), [(0.0594852082, 1)])
((0, 'qdfoiguwaf'), [(0.0015216513, 1), (0.0145086031, 1)])
((0, 'uyhqrokmfe'), [(0.0008820246, 1)])
((1, 'gvasarkpfh'), [(0.3550327718, 1), (0.7223738432, 1), (0.9386296272, 1)])
((0, 'gpskwigkxd'), [(0.5794638991, 1)])
((0, 'hldhchyhfg'), [(0.3619385064, 1)])
((0, 'sgdiraogcc'), [(0.0031190193, 1)])
((0, 'xnkktewjmu'), [(0.0460348129, 1)])
((1, 'ybnucgidtu'), [(0.9998844862, 1)])
((0, 'myszscymzv'), [(0.103239283, 1)])
((0, 'vqwkmjorkj'), [(0.6784921885, 1)])
((1, 'rnpefxwptv'), [(0.9824525118, 1)])
((0, 'syuxttuyhm'), [(0.1279151589, 1)])
((1, 'doniqevxeg'), [(0.9978239536, 1)])
((0, 'abhggqdift'), [(0.004800918, 1)])
((0, 'ekkheaisuo'), [(0.0529358312, 1)])
((0, 'muhgixhdmd'), [(0.1449979544, 1)])
((1, 'hicjuubiau'), [(0.9993861914, 1)])
((1, 'hivnldfvyl'), [(0.9999577999, 1)])
((0, 'csqojsqtgn'), [(0.4168277383, 1)])

2a. first variation: overall accuracy over both fake and real preds
second mapper: sums corresponding eles in the tuples to form a summed pred and total photos for this vid
divides the two to form actualPred, then compares with isReal to from isCorrect 0 or 1
second mapper: return (42, [(isCorrect, 1)])
second reducer: combines the lists in the values again
(42, [(1, 1), (1, 1), (1, 1), (0, 1), (1, 1), (1, 1), (1, 1), (1, 1), (1, 1), (1, 1), (1, 1), (0, 1), (1, 1), (1, 1), (0, 1), (1, 1), (1, 1), (0, 1), (1, 1), (1, 1), (1, 1), (1, 1), (1, 1), (0, 1), (1, 1), (1, 1), (1, 1), (1, 1), (1, 1), (1, 1), (1, 1), (0, 1), (1, 1), (0, 1), (1, 1), (1, 1), (1, 1), (1, 1), (0, 1), (1, 1), (1, 1), (0, 1), (1, 1), (1, 1), (1, 1), (1, 1), (1, 1), (1, 1), (1, 1), (1, 1), (1, 1), (0, 1), (0, 1), (1, 1), (1, 1), (1, 1), (1, 1), (1, 1), (1, 1), (1, 1), (1, 1), (1, 1), (1, 1), (1, 1), (1, 1), (1, 1), (1, 1), (1, 1), (1, 1), (0, 1), (1, 1), (1, 1), (1, 1), (1, 1), (1, 1), (1, 1), (0, 1), (1, 1), (1, 1), (1, 1), (0, 1), (1, 1), (1, 1), (1, 1), (1, 1), (1, 1), (0, 1), (1, 1), (1, 1), (1, 1), (1, 1), (1, 1), (1, 1), (1, 1), (1, 1), (1, 1), (0, 1), (1, 1), (1, 1), (1, 1), (1, 1), (1, 1), (1, 1), (1, 1), (1, 1), (0, 1), (1, 1), (1, 1), (1, 1), (1, 1), (1, 1), (1, 1), (1, 1), (1, 1), (1, 1), (1, 1), (0, 1), (1, 1), (0, 1), (1, 1), (1, 1), (1, 1), (1, 1), (0, 1), (0, 1), (0, 1), (1, 1), (1, 1), (1, 1), (1, 1), (1, 1), (1, 1), (1, 1), (1, 1), (1, 1), (0, 1), (1, 1), (1, 1), (1, 1), (1, 1), (1, 1), (1, 1), (1, 1), (0, 1), (1, 1), (1, 1), (1, 1), (1, 1), (1, 1), (0, 1), (1, 1), (1, 1), (1, 1), (1, 1), (1, 1), (1, 1), (1, 1), (1, 1), (1, 1)])

2b. second variation: accuracy for fake and real preds separately
(0, [(1, 1), (1, 1), (1, 1), (1, 1), (1, 1), (0, 1), (1, 1), (0, 1), (0, 1), (1, 1), (0, 1), (1, 1), (1, 1), (1, 1), (1, 1), (1, 1), (1, 1), (0, 1), (1, 1), (1, 1), (1, 1), (0, 1), (1, 1), (1, 1), (1, 1), (1, 1), (1, 1), (1, 1), (0, 1), (0, 1), (1, 1), (1, 1), (1, 1), (1, 1), (1, 1), (1, 1), (1, 1), (1, 1), (1, 1), (0, 1), (1, 1), (1, 1), (1, 1), (1, 1), (1, 1), (1, 1), (0, 1), (1, 1), (1, 1), (1, 1), (0, 1), (1, 1), (1, 1), (1, 1), (1, 1), (1, 1), (0, 1), (1, 1), (1, 1), (1, 1), (1, 1), (1, 1), (1, 1), (1, 1), (1, 1), (1, 1), (1, 1), (1, 1), (1, 1), (1, 1), (1, 1), (1, 1), (0, 1), (0, 1), (0, 1), (1, 1), (1, 1), (1, 1), (1, 1), (1, 1), (1, 1), (1, 1), (1, 1), (1, 1), (1, 1), (1, 1), (0, 1), (1, 1), (1, 1), (1, 1), (1, 1), (0, 1), (1, 1), (1, 1), (1, 1), (1, 1), (1, 1)])
(1, [(1, 1), (1, 1), (0, 1), (1, 1), (1, 1), (1, 1), (1, 1), (1, 1), (1, 1), (1, 1), (1, 1), (1, 1), (1, 1), (1, 1), (0, 1), (1, 1), (1, 1), (1, 1), (0, 1), (1, 1), (1, 1), (1, 1), (1, 1), (1, 1), (1, 1), (1, 1), (1, 1), (1, 1), (1, 1), (1, 1), (1, 1), (0, 1), (1, 1), (1, 1), (1, 1), (1, 1), (1, 1), (1, 1), (1, 1), (1, 1), (1, 1), (1, 1), (0, 1), (1, 1), (1, 1), (1, 1), (1, 1), (0, 1), (1, 1), (0, 1), (1, 1), (1, 1), (1, 1), (1, 1), (0, 1), (1, 1), (1, 1), (1, 1), (1, 1), (1, 1), (1, 1), (1, 1)])

2c. third variation: returning averaged prediction for real/fake vids
second mapper: sums corresponding eles in the tuples to form a summed pred and total photos for this vid
divides the two to get actualPred for this video.  returns return (isReal, [(actualPred, 1)])
same reducer
(0, [(3.46366e-05, 1), (0.3043935895, 1), (0.0911703929, 1), (0.000331834, 1), (0.2851936519, 1), (0.515828371, 1), (0.0237244852, 1), (0.5790625811, 1), (0.6157565117, 1), (0.1348871887, 1), (0.7142198086, 1), (0.3705739081, 1), (0.1235364303, 1), (0.1022996306, 1), (0.0034751531, 1), (0.0197397657, 1), (0.4114972949, 1), (0.51440413295, 1), (0.2390802354, 1), (0.0239532341, 1), (0.1152517647, 1), (0.5109240413, 1), (0.0493937694, 1), (0.387930423, 1), (0.0105524808, 1), (0.0021127197, 1), (0.1216259524, 1), (0.0001054507, 1), (0.5691862702, 1), (0.7148734927, 1), (0.0427189432, 1), (0.4044318497, 1), (0.0028848145, 1), (0.0595028028, 1), (0.0353782773, 1), (0.0414014347, 1), (0.0265434273, 1), (0.0213111676, 1), (0.0399393588, 1), (0.9652191997, 1), (0.0081901094, 1), (0.0933193043, 1), (0.2511148155, 1), (0.0109147932, 1), (0.2262675762, 1), (0.3184905648, 1), (0.8845998049, 1), (0.3316035271, 1), (0.0515346788, 1), (0.0626411438, 1), (0.5708395839, 1), (0.1451519728, 1), (0.0182173047, 1), (0.1304732561, 1), (0.3952510059, 1), (0.0126113435, 1), (0.9794172645, 1), (0.4398108423, 1), (0.0193749424, 1), (0.0336767845, 1), (0.0121564772, 1), (4.32641e-05, 1), (0.0001023833, 1), (0.183081314, 1), (0.3213886023, 1), (0.0020806806, 1), (0.3945788145, 1), (0.3219031692, 1), (0.0017197061, 1), (0.0006724723, 1), (0.3155382276, 1), (0.0225331169, 1), (0.7108663917, 1), (0.6265101433, 1), (0.613186717, 1), (0.0041355798, 1), (0.2367800623, 1), (0.1588136405, 1), (0.1910148859, 1), (0.1245772615, 1), (0.0063951681, 1), (0.4638257623, 1), (0.0003699138, 1), (0.0594852082, 1), (0.0080151272, 1), (0.0008820246, 1), (0.5794638991, 1), (0.3619385064, 1), (0.0031190193, 1), (0.0460348129, 1), (0.103239283, 1), (0.6784921885, 1), (0.1279151589, 1), (0.004800918, 1), (0.0529358312, 1), (0.1449979544, 1), (0.4168277383, 1)])
(1, [(0.5961549878, 1), (0.999999404, 1), (0.4440644681, 1), (0.9999232292, 1), (0.9953045845, 1), (0.81959810855, 1), (0.7574309110499999, 1), (0.9973301888, 1), (0.96573281285, 1), (0.9880084991, 1), (0.9785347978333334, 1), (0.6867197156, 1), (0.9997258782, 1), (0.9454028606, 1), (0.3915108144, 1), (0.7373719413999998, 1), (0.989094913, 1), (0.57124474645, 1), (0.1156210527, 1), (0.95548313855, 1), (0.9992251694000001, 1), (0.5700939894, 1), (0.9748547077, 1), (0.6026269296666666, 1), (0.9999595880500001, 1), (0.7981047034333333, 1), (0.9999385476, 1), (0.8371828198, 1), (0.9567509591500001, 1), (0.7302480936, 1), (0.94479340315, 1), (0.3782296777, 1), (0.961496829975, 1), (0.92315495015, 1), (0.9965620438333334, 1), (0.8948164582, 1), (0.6518696993499999, 1), (0.9206587672, 1), (0.92286795375, 1), (0.9900579751, 1), (0.9987967014, 1), (0.9547765851, 1), (0.2451297939, 1), (0.9999598265, 1), (0.9651726782000001, 1), (0.6699806452, 1), (0.6376180351, 1), (0.3436067104, 1), (0.92509076, 1), (0.4873591065, 1), (0.7517728806, 1), (0.9294206897333334, 1), (0.9225750566, 1), (0.7470217347, 1), (0.4881786406, 1), (0.9643390775, 1), (0.6720120807333333, 1), (0.9998844862, 1), (0.9824525118, 1), (0.9978239536, 1), (0.9993861914, 1), (0.9999577999, 1)])

3a. Accuracy, overall: (42, totalCorrect), (total, accuracy)
((42, 134), (159, 0.8427672955974843))

3b. Accuracy, separated into real and fake: (isReal, totalCorrect), (total, accuracy)
((0, 80), (97, 0.8247422680412371))
((1, 54), (62, 0.8709677419354839))

3c. OverallPred, separated into real and fake: (isReal, (total of real or fake vids, overallPred))
(0, (97, 0.22142652082216502))
(1, (62, 0.8172591332993281))
